3
0+0j 1+0j 0+0j
0+0j 0+0j 1+0j
1+0j 0+0j 0+0j
1+0j 0+0j 0+0j
0+0j -1+0j 0+0j
0+0j 0+0j -1+0j
-0.5+0j -0.80901699437494745+0j 0.30901699437494745+0j
-0.80901699437494745+0j 0.30901699437494745+0j -0.5+0j
0.30901699437494745+0j -0.5+0j -0.80901699437494745+0j
0+0j 0+0j 1+0j
1+0j 0+0j 0+0j
0+0j 1+0j 0+0j
0+0j -1+0j 0+0j
0+0j 0+0j -1+0j
1+0j 0+0j 0+0j
-0.80901699437494745+0j 0.30901699437494745+0j -0.5+0j
0.30901699437494745+0j -0.5+0j -0.80901699437494745+0j
-0.5+0j -0.80901699437494745+0j 0.30901699437494745+0j
0+0j 1+0j 0+0j
0+0j 0+0j -1+0j
-1+0j 0+0j 0+0j
1+0j 0+0j 0+0j
0+0j 1+0j 0+0j
0+0j 0+0j 1+0j
-0.5+0j -0.80901699437494745+0j 0.30901699437494745+0j
0.80901699437494745+0j -0.30901699437494745+0j 0.5+0j
-0.30901699437494745+0j 0.5+0j 0.80901699437494745+0j
0.30901699437494745+0j -0.5+0j -0.80901699437494745+0j
-0.5+0j -0.80901699437494745+0j 0.30901699437494745+0j
-0.80901699437494745+0j 0.30901699437494745+0j -0.5+0j
-0.5+0j 0.80901699437494745+0j -0.30901699437494745+0j
-0.80901699437494745+0j -0.30901699437494745+0j 0.5+0j
0.30901699437494745+0j 0.5+0j 0.80901699437494745+0j
0+0j 0+0j -1+0j
1+0j 0+0j 0+0j
0+0j -1+0j 0+0j
0+0j 0+0j -1+0j
-1+0j 0+0j 0+0j
0+0j 1+0j 0+0j
0.80901699437494745+0j -0.30901699437494745+0j 0.5+0j
-0.30901699437494745+0j 0.5+0j 0.80901699437494745+0j
-0.5+0j -0.80901699437494745+0j 0.30901699437494745+0j
-0.80901699437494745+0j -0.30901699437494745+0j 0.5+0j
0.30901699437494745+0j 0.5+0j 0.80901699437494745+0j
-0.5+0j 0.80901699437494745+0j -0.30901699437494745+0j
0+0j 0+0j 1+0j
-1+0j 0+0j 0+0j
0+0j -1+0j 0+0j
0+0j -1+0j 0+0j
0+0j 0+0j 1+0j
-1+0j 0+0j 0+0j
-0.80901699437494745+0j 0.30901699437494745+0j -0.5+0j
-0.30901699437494745+0j 0.5+0j 0.80901699437494745+0j
0.5+0j 0.80901699437494745+0j -0.30901699437494745+0j
0.30901699437494745+0j -0.5+0j -0.80901699437494745+0j
0.5+0j 0.80901699437494745+0j -0.30901699437494745+0j
0.80901699437494745+0j -0.30901699437494745+0j 0.5+0j
-0.5+0j 0.80901699437494745+0j -0.30901699437494745+0j
0.80901699437494745+0j 0.30901699437494745+0j -0.5+0j
-0.30901699437494745+0j -0.5+0j -0.80901699437494745+0j
0.30901699437494745+0j 0.5+0j 0.80901699437494745+0j
-0.5+0j 0.80901699437494745+0j -0.30901699437494745+0j
-0.80901699437494745+0j -0.30901699437494745+0j 0.5+0j
-0.30901699437494745+0j -0.5+0j 0.80901699437494745+0j
0.5+0j -0.80901699437494745+0j -0.30901699437494745+0j
0.80901699437494745+0j 0.30901699437494745+0j 0.5+0j
-1+0j 0+0j 0+0j
0+0j 1+0j 0+0j
0+0j 0+0j -1+0j
-0.30901699437494745+0j 0.5+0j 0.80901699437494745+0j
-0.5+0j -0.80901699437494745+0j 0.30901699437494745+0j
0.80901699437494745+0j -0.30901699437494745+0j 0.5+0j
-1+0j 0+0j 0+0j
0+0j -1+0j 0+0j
0+0j 0+0j 1+0j
-0.30901699437494745+0j 0.5+0j 0.80901699437494745+0j
0.5+0j 0.80901699437494745+0j -0.30901699437494745+0j
-0.80901699437494745+0j 0.30901699437494745+0j -0.5+0j
0.5+0j 0.80901699437494745+0j -0.30901699437494745+0j
0.80901699437494745+0j -0.30901699437494745+0j 0.5+0j
0.30901699437494745+0j -0.5+0j -0.80901699437494745+0j
0.80901699437494745+0j 0.30901699437494745+0j -0.5+0j
-0.30901699437494745+0j -0.5+0j -0.80901699437494745+0j
-0.5+0j 0.80901699437494745+0j -0.30901699437494745+0j
0.5+0j -0.80901699437494745+0j -0.30901699437494745+0j
0.80901699437494745+0j 0.30901699437494745+0j 0.5+0j
-0.30901699437494745+0j -0.5+0j 0.80901699437494745+0j
0.80901699437494745+0j -0.30901699437494745+0j 0.5+0j
0.30901699437494745+0j -0.5+0j -0.80901699437494745+0j
0.5+0j 0.80901699437494745+0j -0.30901699437494745+0j
-0.80901699437494745+0j -0.30901699437494745+0j 0.5+0j
-0.30901699437494745+0j -0.5+0j -0.80901699437494745+0j
0.5+0j -0.80901699437494745+0j 0.30901699437494745+0j
0.30901699437494745+0j 0.5+0j 0.80901699437494745+0j
0.5+0j -0.80901699437494745+0j 0.30901699437494745+0j
0.80901699437494745+0j 0.30901699437494745+0j -0.5+0j
-0.30901699437494745+0j -0.5+0j 0.80901699437494745+0j
-0.5+0j 0.80901699437494745+0j 0.30901699437494745+0j
-0.80901699437494745+0j -0.30901699437494745+0j -0.5+0j
0.80901699437494745+0j 0.30901699437494745+0j 0.5+0j
-0.30901699437494745+0j -0.5+0j 0.80901699437494745+0j
0.5+0j -0.80901699437494745+0j -0.30901699437494745+0j
-0.3090169943749474+0j -0.5+0j -0.80901699437494745+0j
-0.50000000000000011+0j 0.80901699437494745+0j -0.3090169943749474+0j
0.80901699437494745+0j 0.30901699437494745+0j -0.5+0j
0.80901699437494745+0j -0.30901699437494745+0j -0.5+0j
-0.30901699437494745+0j 0.5+0j -0.80901699437494745+0j
0.5+0j 0.80901699437494745+0j 0.30901699437494745+0j
-0.30901699437494745+0j 0.5+0j -0.80901699437494745+0j
0.5+0j 0.80901699437494745+0j 0.30901699437494745+0j
0.80901699437494745+0j -0.30901699437494745+0j -0.5+0j
0.80901699437494745+0j -0.3090169943749474+0j -0.50000000000000011+0j
0.30901699437494745+0j -0.5+0j 0.80901699437494745+0j
-0.5+0j -0.80901699437494745+0j -0.3090169943749474+0j
0.5+0j 0.80901699437494745+0j -0.30901699437494745+0j
-0.80901699437494745+0j 0.30901699437494745+0j -0.5+0j
-0.30901699437494745+0j 0.5+0j 0.80901699437494745+0j
-0.30901699437494745+0j -0.5+0j -0.80901699437494745+0j
0.5+0j -0.80901699437494745+0j 0.30901699437494745+0j
-0.80901699437494745+0j -0.30901699437494745+0j 0.5+0j
0.5+0j -0.80901699437494745+0j 0.30901699437494745+0j
0.80901699437494745+0j 0.30901699437494745+0j -0.5+0j
0.30901699437494745+0j 0.5+0j 0.80901699437494745+0j
-0.5+0j 0.80901699437494745+0j 0.30901699437494745+0j
-0.80901699437494745+0j -0.30901699437494745+0j -0.5+0j
-0.30901699437494745+0j -0.5+0j 0.80901699437494745+0j
0.5+0j 0.80901699437494745+0j 0.30901699437494745+0j
0.80901699437494745+0j -0.30901699437494745+0j -0.5+0j
-0.30901699437494745+0j 0.5+0j -0.80901699437494745+0j
0.30901699437494745+0j -0.5+0j 0.80901699437494745+0j
-0.5+0j -0.80901699437494745+0j -0.3090169943749474+0j
0.80901699437494745+0j -0.3090169943749474+0j -0.50000000000000011+0j
0.80901699437494745+0j 0.30901699437494745+0j -0.5+0j
0.30901699437494745+0j 0.5+0j 0.80901699437494745+0j
0.5+0j -0.80901699437494745+0j 0.30901699437494745+0j
0.5+0j -0.80901699437494745+0j -0.30901699437494745+0j
-0.80901699437494745+0j -0.30901699437494745+0j -0.5+0j
0.30901699437494745+0j 0.5+0j -0.80901699437494745+0j
0.80901699437494745+0j 0.30901699437494745+0j 0.5+0j
0.30901699437494745+0j 0.5+0j -0.80901699437494745+0j
-0.5+0j 0.80901699437494745+0j 0.30901699437494745+0j
-0.30901699437494745+0j 0.5+0j -0.80901699437494745+0j
-0.5+0j -0.80901699437494745+0j -0.30901699437494745+0j
-0.80901699437494745+0j 0.30901699437494745+0j 0.5+0j
-0.5+0j -0.80901699437494745+0j -0.30901699437494745+0j
0.80901699437494745+0j -0.30901699437494745+0j -0.5+0j
0.30901699437494751+0j -0.5+0j 0.80901699437494745+0j
-0.80901699437494745+0j -0.30901699437494745+0j -0.5+0j
-0.30901699437494745+0j -0.5+0j 0.80901699437494745+0j
-0.5+0j 0.80901699437494745+0j 0.30901699437494751+0j
0.5+0j -0.80901699437494745+0j 0.30901699437494745+0j
-0.80901699437494745+0j -0.30901699437494745+0j 0.5+0j
-0.30901699437494745+0j -0.5+0j -0.80901699437494745+0j
-0.80901699437494745+0j -0.30901699437494745+0j -0.5+0j
0.30901699437494745+0j 0.5+0j -0.80901699437494745+0j
0.5+0j -0.80901699437494745+0j -0.30901699437494745+0j
0.30901699437494745+0j 0.5+0j -0.80901699437494745+0j
-0.5+0j 0.80901699437494745+0j 0.30901699437494745+0j
0.80901699437494745+0j 0.30901699437494745+0j 0.5+0j
-0.5+0j -0.80901699437494745+0j -0.30901699437494745+0j
-0.80901699437494745+0j 0.30901699437494745+0j 0.5+0j
-0.30901699437494745+0j 0.5+0j -0.80901699437494745+0j
-0.5+0j 0.80901699437494745+0j 0.30901699437494745+0j
0.80901699437494745+0j 0.30901699437494745+0j 0.5+0j
0.30901699437494745+0j 0.5+0j -0.80901699437494745+0j
0.5+0j 0.80901699437494745+0j 0.30901699437494745+0j
-0.80901699437494745+0j 0.30901699437494745+0j 0.5+0j
0.30901699437494745+0j -0.5+0j 0.80901699437494745+0j
0.30901699437494745+0j -0.5+0j 0.80901699437494745+0j
0.5+0j 0.80901699437494745+0j 0.3090169943749474+0j
-0.80901699437494745+0j 0.3090169943749474+0j 0.50000000000000011+0j
-0.80901699437494745+0j 0.3090169943749474+0j 0.5+0j
-0.3090169943749474+0j 0.50000000000000011+0j -0.80901699437494745+0j
-0.5+0j -0.80901699437494745+0j -0.30901699437494745+0j
0.30901699437494745+0j 0.5+0j -0.80901699437494745+0j
0.5+0j -0.80901699437494745+0j -0.30901699437494745+0j
-0.80901699437494745+0j -0.30901699437494745+0j -0.5+0j
-0.80901699437494745+0j 0.30901699437494745+0j 0.5+0j
0.30901699437494745+0j -0.5+0j 0.80901699437494745+0j
0.5+0j 0.80901699437494745+0j 0.30901699437494745+0j
