3
0+0j 1+0j 0+0j
0+0j 0+0j 1+0j
1+0j 0+0j 0+0j
1+0j 0+0j 0+0j
0+0j -1+0j 0+0j
0+0j 0+0j -1+0j
-0.5+0j -0.80901699437494745+0j 0.30901699437494745+0j
-0.80901699437494745+0j 0.30901699437494745+0j -0.5+0j
0.30901699437494745+0j -0.5+0j -0.80901699437494745+0j
-1+0j 0+0j 0+0j
0+0j 0+0j 0.49999999999999978-0.86602540378443871j
0+0j 0.50000000000000033+0.86602540378443837j 0+0j
0+0j 0+0j 1+0j
1+0j 0+0j 0+0j
0+0j 1+0j 0+0j
0+0j -1+0j 0+0j
0+0j 0+0j -1+0j
1+0j 0+0j 0+0j
-0.80901699437494745+0j 0.30901699437494745+0j -0.5+0j
0.30901699437494745+0j -0.5+0j -0.80901699437494745+0j
-0.5+0j -0.80901699437494745+0j 0.30901699437494745+0j
0+0j 0+0j 0.49999999999999978-0.86602540378443871j
0+0j 0.50000000000000033+0.86602540378443837j 0+0j
-1+0j 0+0j 0+0j
0+0j 1+0j 0+0j
0+0j 0+0j -1+0j
-1+0j 0+0j 0+0j
1+0j 0+0j 0+0j
0+0j 1+0j 0+0j
0+0j 0+0j 1+0j
-0.5+0j -0.80901699437494745+0j 0.30901699437494745+0j
0.80901699437494745+0j -0.30901699437494745+0j 0.5+0j
-0.30901699437494745+0j 0.5+0j 0.80901699437494745+0j
-1+0j 0+0j 0+0j
0+0j 0+0j -0.49999999999999978+0.86602540378443871j
0+0j -0.50000000000000033-0.86602540378443837j 0+0j
0.30901699437494745+0j -0.5+0j -0.80901699437494745+0j
-0.5+0j -0.80901699437494745+0j 0.30901699437494745+0j
-0.80901699437494745+0j 0.30901699437494745+0j -0.5+0j
-0.5+0j 0.80901699437494745+0j -0.30901699437494745+0j
-0.80901699437494745+0j -0.30901699437494745+0j 0.5+0j
0.30901699437494745+0j 0.5+0j 0.80901699437494745+0j
0.5+0j 0.15450849718747384+0.26761656732981737j -0.40450849718747356+0.70062926922203683j
0.80901699437494745+0j -0.25000000000000017-0.43301270189221919j 0.15450849718747367-0.26761656732981748j
-0.30901699437494745+0j -0.404508497187474-0.70062926922203661j -0.24999999999999989+0.43301270189221935j
0+0j -1+0j 0+0j
0.49999999999999978-0.86602540378443871j 0+0j 0+0j
0+0j 0+0j 0.50000000000000033+0.86602540378443837j
0.5+0j 0.80901699437494745+0j -0.30901699437494745+0j
0.15450849718747367-0.26761656732981748j -0.24999999999999989+0.43301270189221935j -0.40450849718747356+0.70062926922203683j
-0.404508497187474-0.70062926922203661j 0.15450849718747384+0.26761656732981737j -0.25000000000000017-0.43301270189221919j
0+0j 0+0j -1+0j
1+0j 0+0j 0+0j
0+0j -1+0j 0+0j
0+0j 0.50000000000000033+0.86602540378443837j 0+0j
-1+0j 0+0j 0+0j
0+0j 0+0j 0.49999999999999978-0.86602540378443871j
0+0j 0+0j -1+0j
-1+0j 0+0j 0+0j
0+0j 1+0j 0+0j
0.80901699437494745+0j -0.30901699437494745+0j 0.5+0j
-0.30901699437494745+0j 0.5+0j 0.80901699437494745+0j
-0.5+0j -0.80901699437494745+0j 0.30901699437494745+0j
0+0j 0+0j -0.49999999999999978+0.86602540378443871j
0+0j -0.50000000000000033-0.86602540378443837j 0+0j
-1+0j 0+0j 0+0j
-0.80901699437494745+0j -0.30901699437494745+0j 0.5+0j
0.30901699437494745+0j 0.5+0j 0.80901699437494745+0j
-0.5+0j 0.80901699437494745+0j -0.30901699437494745+0j
0.80901699437494745+0j -0.25000000000000017-0.43301270189221919j 0.15450849718747367-0.26761656732981748j
-0.30901699437494745+0j -0.404508497187474-0.70062926922203661j -0.24999999999999989+0.43301270189221935j
0.5+0j 0.15450849718747384+0.26761656732981737j -0.40450849718747356+0.70062926922203683j
0.49999999999999978-0.86602540378443871j 0+0j 0+0j
0+0j 0+0j 0.50000000000000033+0.86602540378443837j
0+0j -1+0j 0+0j
0.15450849718747367-0.26761656732981748j -0.24999999999999989+0.43301270189221935j -0.40450849718747356+0.70062926922203683j
-0.404508497187474-0.70062926922203661j 0.15450849718747384+0.26761656732981737j -0.25000000000000017-0.43301270189221919j
0.5+0j 0.80901699437494745+0j -0.30901699437494745+0j
0+0j 0+0j 1+0j
-1+0j 0+0j 0+0j
0+0j -1+0j 0+0j
0+0j -1+0j 0+0j
0+0j 0+0j 1+0j
-1+0j 0+0j 0+0j
-0.80901699437494745+0j 0.30901699437494745+0j -0.5+0j
-0.30901699437494745+0j 0.5+0j 0.80901699437494745+0j
0.5+0j 0.80901699437494745+0j -0.30901699437494745+0j
0+0j 0+0j 0.49999999999999978-0.86602540378443871j
0+0j -0.50000000000000033-0.86602540378443837j 0+0j
1+0j 0+0j 0+0j
0.30901699437494745+0j -0.5+0j -0.80901699437494745+0j
0.5+0j 0.80901699437494745+0j -0.30901699437494745+0j
0.80901699437494745+0j -0.30901699437494745+0j 0.5+0j
-0.5+0j 0.80901699437494745+0j -0.30901699437494745+0j
0.80901699437494745+0j 0.30901699437494745+0j -0.5+0j
-0.30901699437494745+0j -0.5+0j -0.80901699437494745+0j
0.5+0j 0.15450849718747384+0.26761656732981737j -0.40450849718747356+0.70062926922203683j
-0.80901699437494745+0j 0.25000000000000017+0.43301270189221919j -0.15450849718747367+0.26761656732981748j
0.30901699437494745+0j 0.404508497187474+0.70062926922203661j 0.24999999999999989-0.43301270189221935j
0+0j -1+0j 0+0j
-0.49999999999999978+0.86602540378443871j 0+0j 0+0j
0+0j 0+0j -0.50000000000000033-0.86602540378443837j
0.5+0j 0.80901699437494745+0j -0.30901699437494745+0j
-0.15450849718747367+0.26761656732981748j 0.24999999999999989-0.43301270189221935j 0.40450849718747356-0.70062926922203683j
0.404508497187474+0.70062926922203661j -0.15450849718747384-0.26761656732981737j 0.25000000000000017+0.43301270189221919j
0.30901699437494745+0j 0.5+0j 0.80901699437494745+0j
-0.5+0j 0.80901699437494745+0j -0.30901699437494745+0j
-0.80901699437494745+0j -0.30901699437494745+0j 0.5+0j
-0.30901699437494745+0j -0.404508497187474-0.70062926922203661j -0.24999999999999989+0.43301270189221935j
0.5+0j 0.15450849718747384+0.26761656732981737j -0.40450849718747356+0.70062926922203683j
0.80901699437494745+0j -0.25000000000000017-0.43301270189221919j 0.15450849718747367-0.26761656732981748j
-0.30901699437494745+0j -0.5+0j 0.80901699437494745+0j
0.5+0j -0.80901699437494745+0j -0.30901699437494745+0j
0.80901699437494745+0j 0.30901699437494745+0j 0.5+0j
0.5+0j -0.15450849718747384-0.26761656732981737j 0.40450849718747356-0.70062926922203683j
0.80901699437494745+0j 0.25000000000000017+0.43301270189221919j -0.15450849718747367+0.26761656732981748j
-0.30901699437494745+0j 0.404508497187474+0.70062926922203661j 0.24999999999999989-0.43301270189221935j
-0.40450849718747356+0.70062926922203683j 0.5+0j 0.15450849718747384+0.26761656732981737j
0.15450849718747367-0.26761656732981748j 0.80901699437494745+0j -0.25000000000000017-0.43301270189221919j
-0.24999999999999989+0.43301270189221935j -0.30901699437494745+0j -0.404508497187474-0.70062926922203661j
-0.5+7.4014320681861395e-17j -0.15450849718747375-0.26761656732981748j 0.40450849718747356-0.70062926922203683j
-0.15450849718747359+0.26761656732981737j -0.80901699437494745+5.5511151231257827e-17j 0.25000000000000017+0.4330127018922193j
0.404508497187474+0.70062926922203672j 0.24999999999999989-0.4330127018922193j 0.30901699437494745-1.2835123149785751e-16j
0+0j 0+0j -1+0j
0+0j 0.49999999999999978-0.86602540378443871j 0+0j
0.50000000000000033+0.86602540378443837j 0+0j 0+0j
0+0j 1+0j 0+0j
0.49999999999999978-0.86602540378443871j 0+0j 0+0j
0+0j 0+0j -0.50000000000000033-0.86602540378443837j
0.80901699437494745+0j -0.30901699437494745+0j 0.5+0j
-0.24999999999999989+0.43301270189221935j -0.40450849718747356+0.70062926922203683j 0.15450849718747367-0.26761656732981748j
0.15450849718747384+0.26761656732981737j -0.25000000000000017-0.43301270189221919j -0.404508497187474-0.70062926922203661j
0+0j 0+0j -0.49999999999999978+0.86602540378443871j
-0.49999999999999978+0.86602540378443871j 0+0j 0+0j
0+0j -0.49999999999999922+0.86602540378443893j 0+0j
-0.30901699437494745+0j 0.5+0j 0.80901699437494745+0j
-0.40450849718747356+0.70062926922203683j 0.15450849718747367-0.26761656732981748j -0.24999999999999989+0.43301270189221935j
-0.25000000000000017-0.43301270189221919j -0.404508497187474-0.70062926922203661j 0.15450849718747384+0.26761656732981737j
0.5+0j -0.80901699437494745+0j 0.30901699437494745+0j
0.15450849718747367-0.26761656732981748j 0.24999999999999989-0.43301270189221935j 0.40450849718747356-0.70062926922203683j
-0.404508497187474-0.70062926922203661j -0.15450849718747384-0.26761656732981737j 0.25000000000000017+0.43301270189221919j
-1+0j 0+0j 0+0j
0+0j 1+0j 0+0j
0+0j 0+0j -1+0j
-0.30901699437494745+0j 0.5+0j 0.80901699437494745+0j
-0.5+0j -0.80901699437494745+0j 0.30901699437494745+0j
0.80901699437494745+0j -0.30901699437494745+0j 0.5+0j
0+0j -0.50000000000000033-0.86602540378443837j 0+0j
-1+0j 0+0j 0+0j
0+0j 0+0j -0.49999999999999978+0.86602540378443871j
0+0j 0+0j 0.50000000000000033+0.86602540378443837j
0+0j -1+0j 0+0j
0.49999999999999978-0.86602540378443871j 0+0j 0+0j
-0.404508497187474-0.70062926922203661j 0.15450849718747384+0.26761656732981737j -0.25000000000000017-0.43301270189221919j
0.5+0j 0.80901699437494745+0j -0.30901699437494745+0j
0.15450849718747367-0.26761656732981748j -0.24999999999999989+0.43301270189221935j -0.40450849718747356+0.70062926922203683j
-1+0j 0+0j 0+0j
0+0j -1+0j 0+0j
0+0j 0+0j 1+0j
-0.30901699437494745+0j 0.5+0j 0.80901699437494745+0j
0.5+0j 0.80901699437494745+0j -0.30901699437494745+0j
-0.80901699437494745+0j 0.30901699437494745+0j -0.5+0j
0+0j -0.50000000000000033-0.86602540378443837j 0+0j
1+0j 0+0j 0+0j
0+0j 0+0j 0.49999999999999978-0.86602540378443871j
0.5+0j 0.80901699437494745+0j -0.30901699437494745+0j
0.80901699437494745+0j -0.30901699437494745+0j 0.5+0j
0.30901699437494745+0j -0.5+0j -0.80901699437494745+0j
0.80901699437494745+0j 0.30901699437494745+0j -0.5+0j
-0.30901699437494745+0j -0.5+0j -0.80901699437494745+0j
-0.5+0j 0.80901699437494745+0j -0.30901699437494745+0j
-0.80901699437494745+0j 0.25000000000000017+0.43301270189221919j -0.15450849718747367+0.26761656732981748j
0.30901699437494745+0j 0.404508497187474+0.70062926922203661j 0.24999999999999989-0.43301270189221935j
0.5+0j 0.15450849718747384+0.26761656732981737j -0.40450849718747356+0.70062926922203683j
-0.49999999999999978+0.86602540378443871j 0+0j 0+0j
0+0j 0+0j -0.50000000000000033-0.86602540378443837j
0+0j -1+0j 0+0j
-0.15450849718747367+0.26761656732981748j 0.24999999999999989-0.43301270189221935j 0.40450849718747356-0.70062926922203683j
0.404508497187474+0.70062926922203661j -0.15450849718747384-0.26761656732981737j 0.25000000000000017+0.43301270189221919j
0.5+0j 0.80901699437494745+0j -0.30901699437494745+0j
0.5+0j -0.80901699437494745+0j -0.30901699437494745+0j
0.80901699437494745+0j 0.30901699437494745+0j 0.5+0j
-0.30901699437494745+0j -0.5+0j 0.80901699437494745+0j
0.80901699437494745+0j 0.25000000000000017+0.43301270189221919j -0.15450849718747367+0.26761656732981748j
-0.30901699437494745+0j 0.404508497187474+0.70062926922203661j 0.24999999999999989-0.43301270189221935j
0.5+0j -0.15450849718747384-0.26761656732981737j 0.40450849718747356-0.70062926922203683j
0.15450849718747367-0.26761656732981748j 0.80901699437494745+0j -0.25000000000000017-0.43301270189221919j
-0.24999999999999989+0.43301270189221935j -0.30901699437494745+0j -0.404508497187474-0.70062926922203661j
-0.40450849718747356+0.70062926922203683j 0.5+0j 0.15450849718747384+0.26761656732981737j
-0.15450849718747359+0.26761656732981737j -0.80901699437494745+5.5511151231257827e-17j 0.25000000000000017+0.4330127018922193j
0.404508497187474+0.70062926922203672j 0.24999999999999989-0.4330127018922193j 0.30901699437494745-1.2835123149785751e-16j
-0.5+7.4014320681861395e-17j -0.15450849718747375-0.26761656732981748j 0.40450849718747356-0.70062926922203683j
0+0j 0.49999999999999978-0.86602540378443871j 0+0j
0.50000000000000033+0.86602540378443837j 0+0j 0+0j
0+0j 0+0j -1+0j
0.49999999999999978-0.86602540378443871j 0+0j 0+0j
0+0j 0+0j -0.50000000000000033-0.86602540378443837j
0+0j 1+0j 0+0j
-0.24999999999999989+0.43301270189221935j -0.40450849718747356+0.70062926922203683j 0.15450849718747367-0.26761656732981748j
0.15450849718747384+0.26761656732981737j -0.25000000000000017-0.43301270189221919j -0.404508497187474-0.70062926922203661j
0.80901699437494745+0j -0.30901699437494745+0j 0.5+0j
-0.49999999999999978+0.86602540378443871j 0+0j 0+0j
0+0j -0.49999999999999922+0.86602540378443893j 0+0j
0+0j 0+0j -0.49999999999999978+0.86602540378443871j
-0.40450849718747356+0.70062926922203683j 0.15450849718747367-0.26761656732981748j -0.24999999999999989+0.43301270189221935j
-0.25000000000000017-0.43301270189221919j -0.404508497187474-0.70062926922203661j 0.15450849718747384+0.26761656732981737j
-0.30901699437494745+0j 0.5+0j 0.80901699437494745+0j
0.15450849718747367-0.26761656732981748j 0.24999999999999989-0.43301270189221935j 0.40450849718747356-0.70062926922203683j
-0.404508497187474-0.70062926922203661j -0.15450849718747384-0.26761656732981737j 0.25000000000000017+0.43301270189221919j
0.5+0j -0.80901699437494745+0j 0.30901699437494745+0j
0+0j 0.50000000000000033+0.86602540378443837j 0+0j
1+0j 0+0j 0+0j
0+0j 0+0j -0.49999999999999978+0.86602540378443871j
0.80901699437494745+0j -0.30901699437494745+0j 0.5+0j
0.30901699437494745+0j -0.5+0j -0.80901699437494745+0j
0.5+0j 0.80901699437494745+0j -0.30901699437494745+0j
0+0j 0+0j -0.49999999999999978+0.86602540378443871j
0+0j 0.50000000000000033+0.86602540378443837j 0+0j
1+0j 0+0j 0+0j
-0.80901699437494745+0j -0.30901699437494745+0j 0.5+0j
-0.30901699437494745+0j -0.5+0j -0.80901699437494745+0j
0.5+0j -0.80901699437494745+0j 0.30901699437494745+0j
0.80901699437494745+0j -0.25000000000000017-0.43301270189221919j 0.15450849718747367-0.26761656732981748j
0.30901699437494745+0j 0.404508497187474+0.70062926922203661j 0.24999999999999989-0.43301270189221935j
-0.5+0j -0.15450849718747384-0.26761656732981737j 0.40450849718747356-0.70062926922203683j
0.15450849718747367-0.26761656732981748j -0.24999999999999989+0.43301270189221935j -0.40450849718747356+0.70062926922203683j
0.404508497187474+0.70062926922203661j -0.15450849718747384-0.26761656732981737j 0.25000000000000017+0.43301270189221919j
-0.5+0j -0.80901699437494745+0j 0.30901699437494745+0j
0.30901699437494745+0j 0.5+0j 0.80901699437494745+0j
0.5+0j -0.80901699437494745+0j 0.30901699437494745+0j
0.80901699437494745+0j 0.30901699437494745+0j -0.5+0j
-0.30901699437494745+0j -0.404508497187474-0.70062926922203661j -0.24999999999999989+0.43301270189221935j
-0.5+0j -0.15450849718747384-0.26761656732981737j 0.40450849718747356-0.70062926922203683j
-0.80901699437494745+0j 0.25000000000000017+0.43301270189221919j -0.15450849718747367+0.26761656732981748j
-0.30901699437494745+0j -0.5+0j 0.80901699437494745+0j
-0.5+0j 0.80901699437494745+0j 0.30901699437494745+0j
-0.80901699437494745+0j -0.30901699437494745+0j -0.5+0j
0.5+0j -0.15450849718747384-0.26761656732981737j 0.40450849718747356-0.70062926922203683j
-0.80901699437494745+0j -0.25000000000000017-0.43301270189221919j 0.15450849718747367-0.26761656732981748j
0.30901699437494745+0j -0.404508497187474-0.70062926922203661j -0.24999999999999989+0.43301270189221935j
-0.40450849718747356+0.70062926922203683j 0.5+0j 0.15450849718747384+0.26761656732981737j
-0.15450849718747367+0.26761656732981748j -0.80901699437494745+0j 0.25000000000000017+0.43301270189221919j
0.24999999999999989-0.43301270189221935j 0.30901699437494745+0j 0.404508497187474+0.70062926922203661j
-0.5+7.4014320681861395e-17j -0.15450849718747375-0.26761656732981748j 0.40450849718747356-0.70062926922203683j
0.15450849718747359-0.26761656732981737j 0.80901699437494745-5.5511151231257827e-17j -0.25000000000000017-0.4330127018922193j
-0.404508497187474-0.70062926922203672j -0.24999999999999989+0.4330127018922193j -0.30901699437494745+1.2835123149785751e-16j
0+0j 0+0j -1+0j
0+0j -0.49999999999999978+0.86602540378443871j 0+0j
-0.50000000000000033-0.86602540378443837j 0+0j 0+0j
0+0j 1+0j 0+0j
-0.49999999999999978+0.86602540378443871j 0+0j 0+0j
0+0j 0+0j 0.50000000000000033+0.86602540378443837j
0.80901699437494745+0j -0.30901699437494745+0j 0.5+0j
0.24999999999999989-0.43301270189221935j 0.40450849718747356-0.70062926922203683j -0.15450849718747367+0.26761656732981748j
-0.15450849718747384-0.26761656732981737j 0.25000000000000017+0.43301270189221919j 0.404508497187474+0.70062926922203661j
0+0j 0+0j -0.49999999999999978+0.86602540378443871j
0.49999999999999978-0.86602540378443871j 0+0j 0+0j
0+0j 0.49999999999999922-0.86602540378443893j 0+0j
-0.30901699437494745+0j 0.5+0j 0.80901699437494745+0j
0.40450849718747356-0.70062926922203683j -0.15450849718747367+0.26761656732981748j 0.24999999999999989-0.43301270189221935j
0.25000000000000017+0.43301270189221919j 0.404508497187474+0.70062926922203661j -0.15450849718747384-0.26761656732981737j
0.5+0j -0.80901699437494745+0j 0.30901699437494745+0j
-0.15450849718747367+0.26761656732981748j -0.24999999999999989+0.43301270189221935j -0.40450849718747356+0.70062926922203683j
0.404508497187474+0.70062926922203661j 0.15450849718747384+0.26761656732981737j -0.25000000000000017-0.43301270189221919j
0.80901699437494745+0j 0.30901699437494745+0j 0.5+0j
-0.30901699437494745+0j -0.5+0j 0.80901699437494745+0j
0.5+0j -0.80901699437494745+0j -0.30901699437494745+0j
-0.3090169943749474+0j -0.5+0j -0.80901699437494745+0j
-0.50000000000000011+0j 0.80901699437494745+0j -0.3090169943749474+0j
0.80901699437494745+0j 0.30901699437494745+0j -0.5+0j
-0.30901699437494745+0j 0.404508497187474+0.70062926922203661j 0.24999999999999989-0.43301270189221935j
0.5+0j -0.15450849718747384-0.26761656732981737j 0.40450849718747356-0.70062926922203683j
0.80901699437494745+0j 0.25000000000000017+0.43301270189221919j -0.15450849718747367+0.26761656732981748j
-0.24999999999999989+0.43301270189221935j -0.30901699437494745+0j -0.404508497187474-0.70062926922203661j
-0.40450849718747356+0.70062926922203683j 0.5+0j 0.15450849718747384+0.26761656732981737j
0.15450849718747367-0.26761656732981748j 0.80901699437494745+0j -0.25000000000000017-0.43301270189221919j
0.404508497187474+0.70062926922203672j 0.24999999999999989-0.4330127018922193j 0.30901699437494745-1.2835123149785751e-16j
-0.5+7.4014320681861395e-17j -0.15450849718747375-0.26761656732981748j 0.40450849718747356-0.70062926922203683j
-0.15450849718747359+0.26761656732981737j -0.80901699437494745+5.5511151231257827e-17j 0.25000000000000017+0.4330127018922193j
0.80901699437494745+0j -0.30901699437494745+0j -0.5+0j
-0.30901699437494745+0j 0.5+0j -0.80901699437494745+0j
0.5+0j 0.80901699437494745+0j 0.30901699437494745+0j
-0.30901699437494745+0j 0.5+0j -0.80901699437494745+0j
0.5+0j 0.80901699437494745+0j 0.30901699437494745+0j
0.80901699437494745+0j -0.30901699437494745+0j -0.5+0j
0.80901699437494745+0j -0.3090169943749474+0j -0.50000000000000011+0j
0.30901699437494745+0j -0.5+0j 0.80901699437494745+0j
-0.5+0j -0.80901699437494745+0j -0.3090169943749474+0j
0.30901699437494745+0j 0.404508497187474+0.70062926922203661j -0.24999999999999989+0.43301270189221935j
-0.5+0j -0.15450849718747384-0.26761656732981737j -0.40450849718747356+0.70062926922203683j
-0.80901699437494745+0j 0.25000000000000017+0.43301270189221919j 0.15450849718747367-0.26761656732981748j
0.40450849718747356-0.70062926922203683j 0.5+0j -0.15450849718747384-0.26761656732981737j
-0.15450849718747367+0.26761656732981748j 0.80901699437494745+0j 0.25000000000000017+0.43301270189221919j
0.24999999999999989-0.43301270189221935j -0.30901699437494745+0j 0.404508497187474+0.70062926922203661j
7.3197093494558622e-17-7.4014320681861395e-17j -0.65450849718747361+0.26761656732981748j -0.095491502812526108+0.70062926922203683j
-0.65450849718747384-0.26761656732981737j -0.49999999999999994-5.5511151231257827e-17j 0.24999999999999992-0.4330127018922193j
-0.095491502812526538-0.70062926922203672j 0.25000000000000022+0.4330127018922193j -0.50000000000000011+1.2835123149785751e-16j
0.15450849718747384+0.26761656732981737j -0.40450849718747356+0.70062926922203683j 0.5+0j
-0.25000000000000017-0.43301270189221919j 0.15450849718747367-0.26761656732981748j 0.80901699437494745+0j
-0.404508497187474-0.70062926922203661j -0.24999999999999989+0.43301270189221935j -0.30901699437494745+0j
-0.40450849718747356+0.70062926922203683j -0.5+0j -0.15450849718747384-0.26761656732981737j
0.15450849718747367-0.26761656732981748j -0.80901699437494745+0j 0.25000000000000017+0.43301270189221919j
-0.24999999999999989+0.43301270189221935j 0.30901699437494745+0j 0.404508497187474+0.70062926922203661j
-0.15450849718747375-0.26761656732981748j 0.40450849718747356-0.70062926922203683j -0.50000000000000011+1.0562353821176009e-16j
-0.80901699437494745+5.5511151231257827e-17j 0.25000000000000017+0.4330127018922193j -0.15450849718747359+0.26761656732981737j
0.24999999999999989-0.4330127018922193j 0.30901699437494745-1.1739946513487425e-16j 0.404508497187474+0.70062926922203661j
0.40450849718747356-0.70062926922203683j -0.15450849718747345+0.26761656732981753j 0.24999999999999989-0.43301270189221935j
-0.15450849718747367+0.26761656732981748j 0.24999999999999961-0.43301270189221946j 0.40450849718747356-0.70062926922203683j
0.24999999999999989-0.43301270189221935j 0.40450849718747312-0.70062926922203705j -0.15450849718747367+0.26761656732981748j
0.40450849718747356-0.70062926922203683j -0.50000000000000011+1.0562353821176009e-16j -0.15450849718747375-0.26761656732981748j
0.25000000000000017+0.4330127018922193j -0.15450849718747359+0.26761656732981737j -0.80901699437494745+5.5511151231257827e-17j
0.30901699437494745-1.1739946513487425e-16j 0.404508497187474+0.70062926922203661j 0.24999999999999989-0.4330127018922193j
-0.50000000000000011+1.0562353821176009e-16j 0.15450849718747375+0.26761656732981748j -0.40450849718747356+0.70062926922203683j
-0.15450849718747359+0.26761656732981737j 0.80901699437494745-5.5511151231257827e-17j -0.25000000000000017-0.4330127018922193j
0.404508497187474+0.70062926922203661j -0.24999999999999989+0.4330127018922193j -0.30901699437494745+1.1739946513487425e-16j
0+0j 0+0j 1+0j
0+0j -0.49999999999999978+0.86602540378443871j 0+0j
0.50000000000000033+0.86602540378443837j 0+0j 0+0j
0+0j -0.50000000000000033-0.86602540378443837j 0+0j
0+0j 0+0j -0.50000000000000033-0.86602540378443837j
-0.50000000000000033-0.86602540378443837j 0+0j 0+0j
0+0j 0+0j 1+0j
0+0j 0.49999999999999978-0.86602540378443871j 0+0j
-0.50000000000000033-0.86602540378443837j 0+0j 0+0j
-0.80901699437494745+0j 0.30901699437494745+0j -0.5+0j
-0.24999999999999989+0.43301270189221935j -0.40450849718747356+0.70062926922203683j 0.15450849718747367-0.26761656732981748j
-0.15450849718747384-0.26761656732981737j 0.25000000000000017+0.43301270189221919j 0.404508497187474+0.70062926922203661j
0+0j 0+0j 0.49999999999999978-0.86602540378443871j
-0.49999999999999978+0.86602540378443871j 0+0j 0+0j
0+0j 0.49999999999999922-0.86602540378443893j 0+0j
0.80901699437494745+0j 0.30901699437494745+0j -0.5+0j
-0.24999999999999989+0.43301270189221935j 0.40450849718747356-0.70062926922203683j -0.15450849718747367+0.26761656732981748j
0.15450849718747384+0.26761656732981737j 0.25000000000000017+0.43301270189221919j 0.404508497187474+0.70062926922203661j
-0.80901699437494745+0j 0.25000000000000017+0.43301270189221919j -0.15450849718747367+0.26761656732981748j
0.24999999999999989-0.43301270189221935j 0.3090169943749474-2.2204460492503131e-16j 0.404508497187474+0.70062926922203661j
-0.15450849718747384-0.26761656732981737j 0.40450849718747312-0.70062926922203705j -0.49999999999999989+3.0531133177191805e-16j
-0.15450849718747367+0.26761656732981748j 0.24999999999999989-0.43301270189221935j 0.40450849718747356-0.70062926922203683j
0.24999999999999989-0.43301270189221935j 0.40450849718747356-0.70062926922203683j -0.15450849718747367+0.26761656732981748j
0.40450849718747312-0.70062926922203705j -0.15450849718747345+0.26761656732981753j 0.24999999999999961-0.43301270189221946j
-0.30901699437494745+0j -0.5+0j -0.80901699437494745+0j
-0.40450849718747356+0.70062926922203683j -0.15450849718747367+0.26761656732981748j 0.24999999999999989-0.43301270189221935j
-0.25000000000000017-0.43301270189221919j 0.404508497187474+0.70062926922203661j -0.15450849718747384-0.26761656732981737j
0.30901699437494745+0j 0.404508497187474+0.70062926922203661j 0.24999999999999989-0.43301270189221935j
0.40450849718747356-0.70062926922203683j -0.49999999999999989+3.0531133177191805e-16j -0.15450849718747381-0.26761656732981737j
0.25000000000000017+0.43301270189221919j -0.15450849718747345+0.26761656732981753j -0.80901699437494745+4.9960036108132044e-16j
0.30901699437494745+0j 0.5+0j -0.80901699437494745+0j
0.40450849718747356-0.70062926922203683j 0.15450849718747367-0.26761656732981748j 0.24999999999999989-0.43301270189221935j
0.25000000000000017+0.43301270189221919j -0.404508497187474-0.70062926922203661j -0.15450849718747384-0.26761656732981737j
0.5+0j 0.80901699437494745+0j -0.30901699437494745+0j
-0.80901699437494745+0j 0.30901699437494745+0j -0.5+0j
-0.30901699437494745+0j 0.5+0j 0.80901699437494745+0j
1+0j 0+0j 0+0j
0+0j 0+0j 0.49999999999999978-0.86602540378443871j
0+0j -0.50000000000000033-0.86602540378443837j 0+0j
0.30901699437494745+0j 0.404508497187474+0.70062926922203661j 0.24999999999999989-0.43301270189221935j
0.5+0j 0.15450849718747384+0.26761656732981737j -0.40450849718747356+0.70062926922203683j
-0.80901699437494745+0j 0.25000000000000017+0.43301270189221919j -0.15450849718747367+0.26761656732981748j
0+0j 0+0j -0.50000000000000033-0.86602540378443837j
0+0j -1+0j 0+0j
-0.49999999999999978+0.86602540378443871j 0+0j 0+0j
0.404508497187474+0.70062926922203661j -0.15450849718747384-0.26761656732981737j 0.25000000000000017+0.43301270189221919j
0.5+0j 0.80901699437494745+0j -0.30901699437494745+0j
-0.15450849718747367+0.26761656732981748j 0.24999999999999989-0.43301270189221935j 0.40450849718747356-0.70062926922203683j
0.50000000000000033+0.86602540378443837j 0+0j 0+0j
0+0j 0+0j -1+0j
0+0j 0.49999999999999978-0.86602540378443871j 0+0j
0+0j 0+0j -0.50000000000000033-0.86602540378443837j
0+0j 1+0j 0+0j
0.49999999999999978-0.86602540378443871j 0+0j 0+0j
0.15450849718747384+0.26761656732981737j -0.25000000000000017-0.43301270189221919j -0.404508497187474-0.70062926922203661j
0.80901699437494745+0j -0.30901699437494745+0j 0.5+0j
-0.24999999999999989+0.43301270189221935j -0.40450849718747356+0.70062926922203683j 0.15450849718747367-0.26761656732981748j
0+0j -0.49999999999999922+0.86602540378443893j 0+0j
0+0j 0+0j -0.49999999999999978+0.86602540378443871j
-0.49999999999999978+0.86602540378443871j 0+0j 0+0j
-0.25000000000000017-0.43301270189221919j -0.404508497187474-0.70062926922203661j 0.15450849718747384+0.26761656732981737j
-0.30901699437494745+0j 0.5+0j 0.80901699437494745+0j
-0.40450849718747356+0.70062926922203683j 0.15450849718747367-0.26761656732981748j -0.24999999999999989+0.43301270189221935j
-0.404508497187474-0.70062926922203661j -0.15450849718747384-0.26761656732981737j 0.25000000000000017+0.43301270189221919j
0.5+0j -0.80901699437494745+0j 0.30901699437494745+0j
0.15450849718747367-0.26761656732981748j 0.24999999999999989-0.43301270189221935j 0.40450849718747356-0.70062926922203683j
1+0j 0+0j 0+0j
0+0j 0+0j -0.49999999999999978+0.86602540378443871j
0+0j 0.50000000000000033+0.86602540378443837j 0+0j
-0.30901699437494745+0j -0.5+0j -0.80901699437494745+0j
0.5+0j -0.80901699437494745+0j 0.30901699437494745+0j
-0.80901699437494745+0j -0.30901699437494745+0j 0.5+0j
0.30901699437494745+0j 0.404508497187474+0.70062926922203661j 0.24999999999999989-0.43301270189221935j
-0.5+0j -0.15450849718747384-0.26761656732981737j 0.40450849718747356-0.70062926922203683j
0.80901699437494745+0j -0.25000000000000017-0.43301270189221919j 0.15450849718747367-0.26761656732981748j
0.404508497187474+0.70062926922203661j -0.15450849718747384-0.26761656732981737j 0.25000000000000017+0.43301270189221919j
-0.5+0j -0.80901699437494745+0j 0.30901699437494745+0j
0.15450849718747367-0.26761656732981748j -0.24999999999999989+0.43301270189221935j -0.40450849718747356+0.70062926922203683j
0.5+0j -0.80901699437494745+0j 0.30901699437494745+0j
0.80901699437494745+0j 0.30901699437494745+0j -0.5+0j
0.30901699437494745+0j 0.5+0j 0.80901699437494745+0j
-0.5+0j -0.15450849718747384-0.26761656732981737j 0.40450849718747356-0.70062926922203683j
-0.80901699437494745+0j 0.25000000000000017+0.43301270189221919j -0.15450849718747367+0.26761656732981748j
-0.30901699437494745+0j -0.404508497187474-0.70062926922203661j -0.24999999999999989+0.43301270189221935j
-0.5+0j 0.80901699437494745+0j 0.30901699437494745+0j
-0.80901699437494745+0j -0.30901699437494745+0j -0.5+0j
-0.30901699437494745+0j -0.5+0j 0.80901699437494745+0j
-0.80901699437494745+0j -0.25000000000000017-0.43301270189221919j 0.15450849718747367-0.26761656732981748j
0.30901699437494745+0j -0.404508497187474-0.70062926922203661j -0.24999999999999989+0.43301270189221935j
0.5+0j -0.15450849718747384-0.26761656732981737j 0.40450849718747356-0.70062926922203683j
-0.15450849718747367+0.26761656732981748j -0.80901699437494745+0j 0.25000000000000017+0.43301270189221919j
0.24999999999999989-0.43301270189221935j 0.30901699437494745+0j 0.404508497187474+0.70062926922203661j
-0.40450849718747356+0.70062926922203683j 0.5+0j 0.15450849718747384+0.26761656732981737j
0.15450849718747359-0.26761656732981737j 0.80901699437494745-5.5511151231257827e-17j -0.25000000000000017-0.4330127018922193j
-0.404508497187474-0.70062926922203672j -0.24999999999999989+0.4330127018922193j -0.30901699437494745+1.2835123149785751e-16j
-0.5+7.4014320681861395e-17j -0.15450849718747375-0.26761656732981748j 0.40450849718747356-0.70062926922203683j
0+0j -0.49999999999999978+0.86602540378443871j 0+0j
-0.50000000000000033-0.86602540378443837j 0+0j 0+0j
0+0j 0+0j -1+0j
-0.49999999999999978+0.86602540378443871j 0+0j 0+0j
0+0j 0+0j 0.50000000000000033+0.86602540378443837j
0+0j 1+0j 0+0j
0.24999999999999989-0.43301270189221935j 0.40450849718747356-0.70062926922203683j -0.15450849718747367+0.26761656732981748j
-0.15450849718747384-0.26761656732981737j 0.25000000000000017+0.43301270189221919j 0.404508497187474+0.70062926922203661j
0.80901699437494745+0j -0.30901699437494745+0j 0.5+0j
0.49999999999999978-0.86602540378443871j 0+0j 0+0j
0+0j 0.49999999999999922-0.86602540378443893j 0+0j
0+0j 0+0j -0.49999999999999978+0.86602540378443871j
0.40450849718747356-0.70062926922203683j -0.15450849718747367+0.26761656732981748j 0.24999999999999989-0.43301270189221935j
0.25000000000000017+0.43301270189221919j 0.404508497187474+0.70062926922203661j -0.15450849718747384-0.26761656732981737j
-0.30901699437494745+0j 0.5+0j 0.80901699437494745+0j
-0.15450849718747367+0.26761656732981748j -0.24999999999999989+0.43301270189221935j -0.40450849718747356+0.70062926922203683j
0.404508497187474+0.70062926922203661j 0.15450849718747384+0.26761656732981737j -0.25000000000000017-0.43301270189221919j
0.5+0j -0.80901699437494745+0j 0.30901699437494745+0j
0.5+0j 0.80901699437494745+0j 0.30901699437494745+0j
0.80901699437494745+0j -0.30901699437494745+0j -0.5+0j
-0.30901699437494745+0j 0.5+0j -0.80901699437494745+0j
0.30901699437494745+0j -0.5+0j 0.80901699437494745+0j
-0.5+0j -0.80901699437494745+0j -0.3090169943749474+0j
0.80901699437494745+0j -0.3090169943749474+0j -0.50000000000000011+0j
-0.5+0j -0.15450849718747384-0.26761656732981737j -0.40450849718747356+0.70062926922203683j
-0.80901699437494745+0j 0.25000000000000017+0.43301270189221919j 0.15450849718747367-0.26761656732981748j
0.30901699437494745+0j 0.404508497187474+0.70062926922203661j -0.24999999999999989+0.43301270189221935j
-0.15450849718747367+0.26761656732981748j 0.80901699437494745+0j 0.25000000000000017+0.43301270189221919j
0.24999999999999989-0.43301270189221935j -0.30901699437494745+0j 0.404508497187474+0.70062926922203661j
0.40450849718747356-0.70062926922203683j 0.5+0j -0.15450849718747384-0.26761656732981737j
-0.65450849718747384-0.26761656732981737j -0.49999999999999994-5.5511151231257827e-17j 0.24999999999999992-0.4330127018922193j
-0.095491502812526538-0.70062926922203672j 0.25000000000000022+0.4330127018922193j -0.50000000000000011+1.2835123149785751e-16j
7.3197093494558622e-17-7.4014320681861395e-17j -0.65450849718747361+0.26761656732981748j -0.095491502812526108+0.70062926922203683j
-0.25000000000000017-0.43301270189221919j 0.15450849718747367-0.26761656732981748j 0.80901699437494745+0j
-0.404508497187474-0.70062926922203661j -0.24999999999999989+0.43301270189221935j -0.30901699437494745+0j
0.15450849718747384+0.26761656732981737j -0.40450849718747356+0.70062926922203683j 0.5+0j
0.15450849718747367-0.26761656732981748j -0.80901699437494745+0j 0.25000000000000017+0.43301270189221919j
-0.24999999999999989+0.43301270189221935j 0.30901699437494745+0j 0.404508497187474+0.70062926922203661j
-0.40450849718747356+0.70062926922203683j -0.5+0j -0.15450849718747384-0.26761656732981737j
0.25000000000000017+0.4330127018922193j -0.15450849718747359+0.26761656732981737j -0.80901699437494745+5.5511151231257827e-17j
0.30901699437494745-1.1739946513487425e-16j 0.404508497187474+0.70062926922203661j 0.24999999999999989-0.4330127018922193j
0.40450849718747356-0.70062926922203683j -0.50000000000000011+1.0562353821176009e-16j -0.15450849718747375-0.26761656732981748j
-0.15450849718747359+0.26761656732981737j 0.80901699437494745-5.5511151231257827e-17j -0.25000000000000017-0.4330127018922193j
0.404508497187474+0.70062926922203661j -0.24999999999999989+0.4330127018922193j -0.30901699437494745+1.1739946513487425e-16j
-0.50000000000000011+1.0562353821176009e-16j 0.15450849718747375+0.26761656732981748j -0.40450849718747356+0.70062926922203683j
0+0j -0.49999999999999978+0.86602540378443871j 0+0j
0.50000000000000033+0.86602540378443837j 0+0j 0+0j
0+0j 0+0j 1+0j
0+0j 0+0j -0.50000000000000033-0.86602540378443837j
-0.50000000000000033-0.86602540378443837j 0+0j 0+0j
0+0j -0.50000000000000033-0.86602540378443837j 0+0j
0+0j 0.49999999999999978-0.86602540378443871j 0+0j
-0.50000000000000033-0.86602540378443837j 0+0j 0+0j
0+0j 0+0j 1+0j
-0.24999999999999989+0.43301270189221935j -0.40450849718747356+0.70062926922203683j 0.15450849718747367-0.26761656732981748j
-0.15450849718747384-0.26761656732981737j 0.25000000000000017+0.43301270189221919j 0.404508497187474+0.70062926922203661j
-0.80901699437494745+0j 0.30901699437494745+0j -0.5+0j
-0.49999999999999978+0.86602540378443871j 0+0j 0+0j
0+0j 0.49999999999999922-0.86602540378443893j 0+0j
0+0j 0+0j 0.49999999999999978-0.86602540378443871j
-0.24999999999999989+0.43301270189221935j 0.40450849718747356-0.70062926922203683j -0.15450849718747367+0.26761656732981748j
0.15450849718747384+0.26761656732981737j 0.25000000000000017+0.43301270189221919j 0.404508497187474+0.70062926922203661j
0.80901699437494745+0j 0.30901699437494745+0j -0.5+0j
0.24999999999999989-0.43301270189221935j 0.3090169943749474-2.2204460492503131e-16j 0.404508497187474+0.70062926922203661j
-0.15450849718747384-0.26761656732981737j 0.40450849718747312-0.70062926922203705j -0.49999999999999989+3.0531133177191805e-16j
-0.80901699437494745+0j 0.25000000000000017+0.43301270189221919j -0.15450849718747367+0.26761656732981748j
0.24999999999999989-0.43301270189221935j 0.40450849718747356-0.70062926922203683j -0.15450849718747367+0.26761656732981748j
0.40450849718747312-0.70062926922203705j -0.15450849718747345+0.26761656732981753j 0.24999999999999961-0.43301270189221946j
-0.15450849718747367+0.26761656732981748j 0.24999999999999989-0.43301270189221935j 0.40450849718747356-0.70062926922203683j
-0.40450849718747356+0.70062926922203683j -0.15450849718747367+0.26761656732981748j 0.24999999999999989-0.43301270189221935j
-0.25000000000000017-0.43301270189221919j 0.404508497187474+0.70062926922203661j -0.15450849718747384-0.26761656732981737j
-0.30901699437494745+0j -0.5+0j -0.80901699437494745+0j
0.40450849718747356-0.70062926922203683j 0.15450849718747367-0.26761656732981748j 0.24999999999999989-0.43301270189221935j
0.25000000000000017+0.43301270189221919j -0.404508497187474-0.70062926922203661j -0.15450849718747384-0.26761656732981737j
0.30901699437494745+0j 0.5+0j -0.80901699437494745+0j
0+0j 0+0j 0.50000000000000033+0.86602540378443837j
0+0j 1+0j 0+0j
-0.49999999999999978+0.86602540378443871j 0+0j 0+0j
-0.404508497187474-0.70062926922203661j 0.15450849718747384+0.26761656732981737j -0.25000000000000017-0.43301270189221919j
-0.5+0j -0.80901699437494745+0j 0.30901699437494745+0j
-0.15450849718747367+0.26761656732981748j 0.24999999999999989-0.43301270189221935j 0.40450849718747356-0.70062926922203683j
0.80901699437494745+0j 0.30901699437494745+0j -0.5+0j
0.30901699437494745+0j 0.5+0j 0.80901699437494745+0j
0.5+0j -0.80901699437494745+0j 0.30901699437494745+0j
-0.80901699437494745+0j 0.25000000000000017+0.43301270189221919j -0.15450849718747367+0.26761656732981748j
-0.30901699437494745+0j -0.404508497187474-0.70062926922203661j -0.24999999999999989+0.43301270189221935j
-0.5+0j -0.15450849718747384-0.26761656732981737j 0.40450849718747356-0.70062926922203683j
-0.15450849718747367+0.26761656732981748j 0.24999999999999989-0.43301270189221935j 0.40450849718747356-0.70062926922203683j
-0.404508497187474-0.70062926922203661j 0.15450849718747384+0.26761656732981737j -0.25000000000000017-0.43301270189221919j
-0.5+0j -0.80901699437494745+0j 0.30901699437494745+0j
0.5+0j -0.80901699437494745+0j -0.30901699437494745+0j
-0.80901699437494745+0j -0.30901699437494745+0j -0.5+0j
0.30901699437494745+0j 0.5+0j -0.80901699437494745+0j
0.80901699437494745+0j 0.25000000000000017+0.43301270189221919j -0.15450849718747367+0.26761656732981748j
0.30901699437494745+0j -0.404508497187474-0.70062926922203661j -0.24999999999999989+0.43301270189221935j
-0.5+0j 0.15450849718747384+0.26761656732981737j -0.40450849718747356+0.70062926922203683j
0.15450849718747367-0.26761656732981748j 0.80901699437494745+0j -0.25000000000000017-0.43301270189221919j
0.24999999999999989-0.43301270189221935j 0.30901699437494745+0j 0.404508497187474+0.70062926922203661j
0.40450849718747356-0.70062926922203683j -0.5+0j -0.15450849718747384-0.26761656732981737j
-0.15450849718747359+0.26761656732981737j -0.80901699437494745+5.5511151231257827e-17j 0.25000000000000017+0.4330127018922193j
-0.404508497187474-0.70062926922203672j -0.24999999999999989+0.4330127018922193j -0.30901699437494745+1.2835123149785751e-16j
0.5-7.4014320681861395e-17j 0.15450849718747375+0.26761656732981748j -0.40450849718747356+0.70062926922203683j
-0.40450849718747356+0.70062926922203683j 0.15450849718747367-0.26761656732981748j -0.24999999999999989+0.43301270189221935j
0.25000000000000017+0.43301270189221919j 0.404508497187474+0.70062926922203661j -0.15450849718747384-0.26761656732981737j
0.30901699437494745+0j -0.5+0j -0.80901699437494745+0j
0.15450849718747367-0.26761656732981748j 0.24999999999999989-0.43301270189221935j 0.40450849718747356-0.70062926922203683j
0.404508497187474+0.70062926922203661j 0.15450849718747384+0.26761656732981737j -0.25000000000000017-0.43301270189221919j
-0.5+0j 0.80901699437494745+0j -0.30901699437494745+0j
0.80901699437494745+0j 0.30901699437494745+0j 0.5+0j
0.30901699437494745+0j 0.5+0j -0.80901699437494745+0j
-0.5+0j 0.80901699437494745+0j 0.30901699437494745+0j
-0.30901699437494745+0j 0.404508497187474+0.70062926922203661j 0.24999999999999989-0.43301270189221935j
-0.5+0j 0.15450849718747384+0.26761656732981737j -0.40450849718747356+0.70062926922203683j
-0.80901699437494745+0j -0.25000000000000017-0.43301270189221919j 0.15450849718747367-0.26761656732981748j
-0.24999999999999989+0.43301270189221935j -0.30901699437494745+0j -0.404508497187474-0.70062926922203661j
0.40450849718747356-0.70062926922203683j -0.5+0j -0.15450849718747384-0.26761656732981737j
-0.15450849718747367+0.26761656732981748j -0.80901699437494745+0j 0.25000000000000017+0.43301270189221919j
0.404508497187474+0.70062926922203672j 0.24999999999999989-0.4330127018922193j 0.30901699437494745-1.2835123149785751e-16j
0.5-7.4014320681861395e-17j 0.15450849718747375+0.26761656732981748j -0.40450849718747356+0.70062926922203683j
0.15450849718747359-0.26761656732981737j 0.80901699437494745-5.5511151231257827e-17j -0.25000000000000017-0.4330127018922193j
-0.30901699437494745+0j 0.5+0j -0.80901699437494745+0j
-0.5+0j -0.80901699437494745+0j -0.30901699437494745+0j
-0.80901699437494745+0j 0.30901699437494745+0j 0.5+0j
0.30901699437494745+0j 0.404508497187474+0.70062926922203661j -0.24999999999999989+0.43301270189221935j
0.5+0j 0.15450849718747384+0.26761656732981737j 0.40450849718747356-0.70062926922203683j
0.80901699437494745+0j -0.25000000000000017-0.43301270189221919j -0.15450849718747367+0.26761656732981748j
